Roberta
Accuracy: 0.7568762278978389
Precision: 0.7355140186915888
Recall: 0.7877877877877878
F1: 0.7607539874335427

gpt-3.5-turbo 0-shot
Accuracy: 0.7178536102868447
Precision: 0.6993835941204363
Recall: 0.7441977800201817
F1: 0.7210950867758494
Unrecognized Predictions: 28 (0.01%)

gpt-3.5-turbo 2-shot
Accuracy: 0.721101819970487
Precision: 0.6923076923076923
Recall: 0.7763289869608826
F1: 0.7319148936170213
Unrecognized Predictions: 6 (0.00%)

